0.06	0.15	25.90020064	4	
0.04	0.15	23.40347319	4	
0.06	0.15	25.90020064	4	
0.05	0.15	4.958180928	4	
0.04	0.15	23.40347319	4	
0.04	0.15	17.11052372	4		
0.04	0.15	23.40347319	4	
0.04	0.15	17.11052372	4	
0.02	0.15	17.7827941	4	
0.06	0.15	4.90882673	4	
0.02	0.15	17.7827941	4	
0.04	0.15	4.947995469	4	
0.05	0.15	10	4	
0.05	0.15	4.958180928	4	
0.04	0.15	4.947995469	4	
0.02	0.15	4.898587646	4	
0.03	0.15	7.84181131	4	
0.02	0.15	23.40347319	4	
0.02	0.15	4.898587646	4	
0.03	0.15	7.84181131	4	
0.1	0.15	5.050193156	4	
0.05	0.15	5.045822583	4	
0.05	0.15	10	4	
0.1	0.15	5.050193156	4	
0.03	0.15	13.91578842	4	
0.03	0.15	13.91578842	4	
0.05	0.15	10	4	
0.06	0.15	13.51200155	4	
0.04	0.15	4.854917717	4	
0.08	0.15	4.993510694	4	
0.06	0.15	4.90882673	4	
0.05	0.15	10	4	
0.06	0.15	4.90882673	4	
0.04	0.15	4.876508287	4	
0.04	0.15	23.40347319	4	
0.06	0.15	4.90882673	4	
0.03	0.15	25.90020064	4	
0.03	0.15	25.90020064	4	
0.04	0.15	5.091256152	4	
0.04	0.15	4.876508287	4		
0.05	0.15	5.127526119	4	
0.04	0.15	4.924790605	4	
0.06	0.15	13.51200155	4	
0.05	0.15	5.127526119	4	
0.03	0.15	14.56475315	4	
0.03	0.15	9.599180565	4		
0.05	0.15	5.045822583	4	
0.04	0.15	4.854917717	4	
0.02	0.15	5.229910063	4	
0.03	0.15	19.67989671	4		
0.08	0.15	4.993510694	4		
0.02	0.15	5.229910063	4	
0.02	0.15	4.823950831	4	
0.02	0.15	23.40347319	4	
0.03	0.15	19.67989671	4	
0.04	0.15	23.40347319	4	
0.03	0.15	14.56475315	4	
0.02	0.15	4.823950831	4	
0.04	0.15	5.002607563	4	
0.04	0.15	23.40347319	4	
0.04	0.15	5.002607563	4	
0.06	0.15	5.05991234	4	
0.05	0.15	5.075697193	4	
0.06	0.15	5.05991234	4	
0.02	0.15	5.229910063	4	
0.03	0.15	4.885357564	4	
0.03	0.15	9.599180565	4	
0.05	0.15	5.075697193	4	
0.02	0.15	5.229910063	4	
0.04	0.15	5	4	
0.04	0.15	4.924790605	4	
0.04	0.15	5	4	
0.02	0.15	5.078508436	4	
0.04	0.15	5.091256152	4	
0.03	0.15	4.885357564	4	
0.02	0.15	5.078508436	4	
