1 	2 	1 
1 	3 	1 
1 	4 	5 
1 	5 	2 
1 	6 	3 
1 	7 	5 
1 	8 	8 
1 	9 	5 
1 	10 	13 
1 	11 	5 
1 	12 	2 
1 	13 	5 
1 	14 	3 
1 	15 	5 
1 	16 	5 
1 	17 	4 
1 	18 	1 
1 	19 	3 
1 	20 	3 
1 	21 	1 
1 	22 	4 
1 	23 	3 
1 	24 	1 
2 	1 	1 
2 	3 	1 
2 	4 	2 
2 	5 	1 
2 	6 	4 
2 	7 	2 
2 	8 	4 
2 	9 	2 
2 	10 	6 
2 	11 	2 
2 	12 	1 
2 	13 	3 
2 	14 	1 
2 	15 	1 
2 	16 	4 
2 	17 	2 
2 	19 	1 
2 	20 	1 
2 	22 	1 
3 	1 	1 
3 	2 	1 
3 	4 	2 
3 	5 	1 
3 	6 	3 
3 	7 	1 
3 	8 	2 
3 	9 	1 
3 	10 	3 
3 	11 	3 
3 	12 	2 
3 	13 	1 
3 	14 	1 
3 	15 	1 
3 	16 	2 
3 	17 	1 
3 	22 	1 
3 	23 	1 
4 	1 	5 
4 	2 	2 
4 	3 	2 
4 	5 	5 
4 	6 	4 
4 	7 	4 
4 	8 	7 
4 	9 	7 
4 	10 	12 
4 	11 	14 
4 	12 	6 
4 	13 	6 
4 	14 	5 
4 	15 	5 
4 	16 	8 
4 	17 	5 
4 	18 	1 
4 	19 	2 
4 	20 	3 
4 	21 	2 
4 	22 	4 
4 	23 	5 
4 	24 	2 
5 	1 	2 
5 	2 	1 
5 	3 	1 
5 	4 	5 
5 	6 	2 
5 	7 	2 
5 	8 	5 
5 	9 	8 
5 	10 	10 
5 	11 	5 
5 	12 	2 
5 	13 	2 
5 	14 	1 
5 	15 	2 
5 	16 	5 
5 	17 	2 
5 	19 	1 
5 	20 	1 
5 	21 	1 
5 	22 	2 
5 	23 	1 
6 	1 	3 
6 	2 	4 
6 	3 	3 
6 	4 	4 
6 	5 	2 
6 	7 	4 
6 	8 	8 
6 	9 	4 
6 	10 	8 
6 	11 	4 
6 	12 	2 
6 	13 	2 
6 	14 	1 
6 	15 	2 
6 	16 	9 
6 	17 	5 
6 	18 	1 
6 	19 	2 
6 	20 	3 
6 	21 	1 
6 	22 	2 
6 	23 	1 
6 	24 	1 
7 	1 	5 
7 	2 	2 
7 	3 	1 
7 	4 	4 
7 	5 	2 
7 	6 	4 
7 	8 	10 
7 	9 	6 
7 	10 	19 
7 	11 	5 
7 	12 	7 
7 	13 	4 
7 	14 	2 
7 	15 	5 
7 	16 	14 
7 	17 	10 
7 	18 	2 
7 	19 	4 
7 	20 	5 
7 	21 	2 
7 	22 	5 
7 	23 	2 
7 	24 	1 
8 	1 	8 
8 	2 	4 
8 	3 	2 
8 	4 	7 
8 	5 	5 
8 	6 	8 
8 	7 	10 
8 	9 	8 
8 	10 	16 
8 	11 	8 
8 	12 	6 
8 	13 	6 
8 	14 	4 
8 	15 	6 
8 	16 	22 
8 	17 	14 
8 	18 	3 
8 	19 	7 
8 	20 	9 
8 	21 	4 
8 	22 	5 
8 	23 	3 
8 	24 	2 
9 	1 	5 
9 	2 	2 
9 	3 	1 
9 	4 	7 
9 	5 	8 
9 	6 	4 
9 	7 	6 
9 	8 	8 
9 	10 	28 
9 	11 	14 
9 	12 	6 
9 	13 	6 
9 	14 	6 
9 	15 	9 
9 	16 	14 
9 	17 	9 
9 	18 	2 
9 	19 	4 
9 	20 	6 
9 	21 	3 
9 	22 	7 
9 	23 	5 
9 	24 	2 
10 	1 	13 
10 	2 	6 
10 	3 	3 
10 	4 	12 
10 	5 	10 
10 	6 	8 
10 	7 	19 
10 	8 	16 
10 	9 	28 
10 	11 	40 
10 	12 	20 
10 	13 	19 
10 	14 	21 
10 	15 	40 
10 	16 	44 
10 	17 	39 
10 	18 	7 
10 	19 	18 
10 	20 	25 
10 	21 	12 
10 	22 	26 
10 	23 	18 
10 	24 	8 
11 	1 	5 
11 	2 	2 
11 	3 	3 
11 	4 	15 
11 	5 	5 
11 	6 	4 
11 	7 	5 
11 	8 	8 
11 	9 	14 
11 	10 	39 
11 	12 	14 
11 	13 	10 
11 	14 	16 
11 	15 	14 
11 	16 	14 
11 	17 	10 
11 	18 	1 
11 	19 	4 
11 	20 	6 
11 	21 	4 
11 	22 	11 
11 	23 	13 
11 	24 	6 
12 	1 	2 
12 	2 	1 
12 	3 	2 
12 	4 	6 
12 	5 	2 
12 	6 	2 
12 	7 	7 
12 	8 	6 
12 	9 	6 
12 	10 	20 
12 	11 	14 
12 	13 	13 
12 	14 	7 
12 	15 	7 
12 	16 	7 
12 	17 	6 
12 	18 	2 
12 	19 	3 
12 	20 	4 
12 	21 	3 
12 	22 	7 
12 	23 	7 
12 	24 	5 
13 	1 	5 
13 	2 	3 
13 	3 	1 
13 	4 	6 
13 	5 	2 
13 	6 	2 
13 	7 	4 
13 	8 	6 
13 	9 	6 
13 	10 	19 
13 	11 	10 
13 	12 	13 
13 	14 	6 
13 	15 	7 
13 	16 	6 
13 	17 	5 
13 	18 	1 
13 	19 	3 
13 	20 	6 
13 	21 	6 
13 	22 	13 
13 	23 	8 
13 	24 	8 
14 	1 	3 
14 	2 	1 
14 	3 	1 
14 	4 	5 
14 	5 	1 
14 	6 	1 
14 	7 	2 
14 	8 	4 
14 	9 	6 
14 	10 	21 
14 	11 	16 
14 	12 	7 
14 	13 	6 
14 	15 	13 
14 	16 	7 
14 	17 	7 
14 	18 	1 
14 	19 	3 
14 	20 	5 
14 	21 	4 
14 	22 	12 
14 	23 	11 
14 	24 	4 
15 	1 	5 
15 	2 	1 
15 	3 	1 
15 	4 	5 
15 	5 	2 
15 	6 	2 
15 	7 	5 
15 	8 	6 
15 	9 	10 
15 	10 	40 
15 	11 	14 
15 	12 	7 
15 	13 	7 
15 	14 	13 
15 	16 	12 
15 	17 	15 
15 	18 	2 
15 	19 	8 
15 	20 	11 
15 	21 	8 
15 	22 	26 
15 	23 	10 
15 	24 	4 
16 	1 	5 
16 	2 	4 
16 	3 	2 
16 	4 	8 
16 	5 	5 
16 	6 	9 
16 	7 	14 
16 	8 	22 
16 	9 	14 
16 	10 	44 
16 	11 	14 
16 	12 	7 
16 	13 	6 
16 	14 	7 
16 	15 	12 
16 	17 	28 
16 	18 	5 
16 	19 	13 
16 	20 	16 
16 	21 	6 
16 	22 	12 
16 	23 	5 
16 	24 	3 
17 	1 	4 
17 	2 	2 
17 	3 	1 
17 	4 	5 
17 	5 	2 
17 	6 	5 
17 	7 	10 
17 	8 	14 
17 	9 	9 
17 	10 	39 
17 	11 	10 
17 	12 	6 
17 	13 	5 
17 	14 	7 
17 	15 	15 
17 	16 	28 
17 	18 	6 
17 	19 	17 
17 	20 	17 
17 	21 	6 
17 	22 	17 
17 	23 	6 
17 	24 	3 
18 	1 	1 
18 	4 	1 
18 	6 	1 
18 	7 	2 
18 	8 	3 
18 	9 	2 
18 	10 	7 
18 	11 	2 
18 	12 	2 
18 	13 	1 
18 	14 	1 
18 	15 	2 
18 	16 	5 
18 	17 	6 
18 	19 	3 
18 	20 	4 
18 	21 	1 
18 	22 	3 
18 	23 	1 
19 	1 	3 
19 	2 	1 
19 	4 	2 
19 	5 	1 
19 	6 	2 
19 	7 	4 
19 	8 	7 
19 	9 	4 
19 	10 	18 
19 	11 	4 
19 	12 	3 
19 	13 	3 
19 	14 	3 
19 	15 	8 
19 	16 	13 
19 	17 	17 
19 	18 	3 
19 	20 	12 
19 	21 	4 
19 	22 	12 
19 	23 	3 
19 	24 	1 
20 	1 	3 
20 	2 	1 
20 	4 	3 
20 	5 	1 
20 	6 	3 
20 	7 	5 
20 	8 	9 
20 	9 	6 
20 	10 	25 
20 	11 	6 
20 	12 	5 
20 	13 	6 
20 	14 	5 
20 	15 	11 
20 	16 	16 
20 	17 	17 
20 	18 	4 
20 	19 	12 
20 	21 	12 
20 	22 	24 
20 	23 	7 
20 	24 	4 
21 	1 	1 
21 	4 	2 
21 	5 	1 
21 	6 	1 
21 	7 	2 
21 	8 	4 
21 	9 	3 
21 	10 	12 
21 	11 	4 
21 	12 	3 
21 	13 	6 
21 	14 	4 
21 	15 	8 
21 	16 	6 
21 	17 	6 
21 	18 	1 
21 	19 	4 
21 	20 	12 
21 	22 	18 
21 	23 	7 
21 	24 	5 
22 	1 	4 
22 	2 	1 
22 	3 	1 
22 	4 	4 
22 	5 	2 
22 	6 	2 
22 	7 	5 
22 	8 	5 
22 	9 	7 
22 	10 	26 
22 	11 	11 
22 	12 	7 
22 	13 	13 
22 	14 	12 
22 	15 	26 
22 	16 	12 
22 	17 	17 
22 	18 	3 
22 	19 	12 
22 	20 	24 
22 	21 	18 
22 	23 	21 
22 	24 	11 
23 	1 	3 
23 	3 	1 
23 	4 	5 
23 	5 	1 
23 	6 	1 
23 	7 	2 
23 	8 	3 
23 	9 	5 
23 	10 	18 
23 	11 	13 
23 	12 	7 
23 	13 	8 
23 	14 	11 
23 	15 	10 
23 	16 	5 
23 	17 	6 
23 	18 	1 
23 	19 	3 
23 	20 	7 
23 	21 	7 
23 	22 	21 
23 	24 	7 
24 	1 	1 
24 	4 	2 
24 	6 	1 
24 	7 	1 
24 	8 	2 
24 	9 	2 
24 	10 	8 
24 	11 	6 
24 	12 	5 
24 	13 	7 
24 	14 	4 
24 	15 	4 
24 	16 	3 
24 	17 	3 
24 	19 	1 
24 	20 	4 
24 	21 	5 
24 	22 	11 
24 	23 	1 